1000
C -998000 998000 1000000
C -996000 996000 1000000
C -994000 994000 1000000
C -992000 992000 1000000
C -990000 990000 1000000
C -988000 988000 1000000
C -986000 986000 1000000
C -984000 984000 1000000
C -982000 982000 1000000
C -980000 980000 1000000
C -978000 978000 1000000
C -976000 976000 1000000
C -974000 974000 1000000
C -972000 972000 1000000
C -970000 970000 1000000
C -968000 968000 1000000
C -966000 966000 1000000
C -964000 964000 1000000
C -962000 962000 1000000
C -960000 960000 1000000
C -958000 958000 1000000
C -956000 956000 1000000
C -954000 954000 1000000
C -952000 952000 1000000
C -950000 950000 1000000
C -948000 948000 1000000
C -946000 946000 1000000
C -944000 944000 1000000
C -942000 942000 1000000
C -940000 940000 1000000
C -938000 938000 1000000
C -936000 936000 1000000
C -934000 934000 1000000
C -932000 932000 1000000
C -930000 930000 1000000
C -928000 928000 1000000
C -926000 926000 1000000
C -924000 924000 1000000
C -922000 922000 1000000
C -920000 920000 1000000
C -918000 918000 1000000
C -916000 916000 1000000
C -914000 914000 1000000
C -912000 912000 1000000
C -910000 910000 1000000
C -908000 908000 1000000
C -906000 906000 1000000
C -904000 904000 1000000
C -902000 902000 1000000
C -900000 900000 1000000
C -898000 898000 1000000
C -896000 896000 1000000
C -894000 894000 1000000
C -892000 892000 1000000
C -890000 890000 1000000
C -888000 888000 1000000
C -886000 886000 1000000
C -884000 884000 1000000
C -882000 882000 1000000
C -880000 880000 1000000
C -878000 878000 1000000
C -876000 876000 1000000
C -874000 874000 1000000
C -872000 872000 1000000
C -870000 870000 1000000
C -868000 868000 1000000
C -866000 866000 1000000
C -864000 864000 1000000
C -862000 862000 1000000
C -860000 860000 1000000
C -858000 858000 1000000
C -856000 856000 1000000
C -854000 854000 1000000
C -852000 852000 1000000
C -850000 850000 1000000
C -848000 848000 1000000
C -846000 846000 1000000
C -844000 844000 1000000
C -842000 842000 1000000
C -840000 840000 1000000
C -838000 838000 1000000
C -836000 836000 1000000
C -834000 834000 1000000
C -832000 832000 1000000
C -830000 830000 1000000
C -828000 828000 1000000
C -826000 826000 1000000
C -824000 824000 1000000
C -822000 822000 1000000
C -820000 820000 1000000
C -818000 818000 1000000
C -816000 816000 1000000
C -814000 814000 1000000
C -812000 812000 1000000
C -810000 810000 1000000
C -808000 808000 1000000
C -806000 806000 1000000
C -804000 804000 1000000
C -802000 802000 1000000
C -800000 800000 1000000
C -798000 798000 1000000
C -796000 796000 1000000
C -794000 794000 1000000
C -792000 792000 1000000
C -790000 790000 1000000
C -788000 788000 1000000
C -786000 786000 1000000
C -784000 784000 1000000
C -782000 782000 1000000
C -780000 780000 1000000
C -778000 778000 1000000
C -776000 776000 1000000
C -774000 774000 1000000
C -772000 772000 1000000
C -770000 770000 1000000
C -768000 768000 1000000
C -766000 766000 1000000
C -764000 764000 1000000
C -762000 762000 1000000
C -760000 760000 1000000
C -758000 758000 1000000
C -756000 756000 1000000
C -754000 754000 1000000
C -752000 752000 1000000
C -750000 750000 1000000
C -748000 748000 1000000
C -746000 746000 1000000
C -744000 744000 1000000
C -742000 742000 1000000
C -740000 740000 1000000
C -738000 738000 1000000
C -736000 736000 1000000
C -734000 734000 1000000
C -732000 732000 1000000
C -730000 730000 1000000
C -728000 728000 1000000
C -726000 726000 1000000
C -724000 724000 1000000
C -722000 722000 1000000
C -720000 720000 1000000
C -718000 718000 1000000
C -716000 716000 1000000
C -714000 714000 1000000
C -712000 712000 1000000
C -710000 710000 1000000
C -708000 708000 1000000
C -706000 706000 1000000
C -704000 704000 1000000
C -702000 702000 1000000
C -700000 700000 1000000
C -698000 698000 1000000
C -696000 696000 1000000
C -694000 694000 1000000
C -692000 692000 1000000
C -690000 690000 1000000
C -688000 688000 1000000
C -686000 686000 1000000
C -684000 684000 1000000
C -682000 682000 1000000
C -680000 680000 1000000
C -678000 678000 1000000
C -676000 676000 1000000
C -674000 674000 1000000
C -672000 672000 1000000
C -670000 670000 1000000
C -668000 668000 1000000
C -666000 666000 1000000
C -664000 664000 1000000
C -662000 662000 1000000
C -660000 660000 1000000
C -658000 658000 1000000
C -656000 656000 1000000
C -654000 654000 1000000
C -652000 652000 1000000
C -650000 650000 1000000
C -648000 648000 1000000
C -646000 646000 1000000
C -644000 644000 1000000
C -642000 642000 1000000
C -640000 640000 1000000
C -638000 638000 1000000
C -636000 636000 1000000
C -634000 634000 1000000
C -632000 632000 1000000
C -630000 630000 1000000
C -628000 628000 1000000
C -626000 626000 1000000
C -624000 624000 1000000
C -622000 622000 1000000
C -620000 620000 1000000
C -618000 618000 1000000
C -616000 616000 1000000
C -614000 614000 1000000
C -612000 612000 1000000
C -610000 610000 1000000
C -608000 608000 1000000
C -606000 606000 1000000
C -604000 604000 1000000
C -602000 602000 1000000
C -600000 600000 1000000
C -598000 598000 1000000
C -596000 596000 1000000
C -594000 594000 1000000
C -592000 592000 1000000
C -590000 590000 1000000
C -588000 588000 1000000
C -586000 586000 1000000
C -584000 584000 1000000
C -582000 582000 1000000
C -580000 580000 1000000
C -578000 578000 1000000
C -576000 576000 1000000
C -574000 574000 1000000
C -572000 572000 1000000
C -570000 570000 1000000
C -568000 568000 1000000
C -566000 566000 1000000
C -564000 564000 1000000
C -562000 562000 1000000
C -560000 560000 1000000
C -558000 558000 1000000
C -556000 556000 1000000
C -554000 554000 1000000
C -552000 552000 1000000
C -550000 550000 1000000
C -548000 548000 1000000
C -546000 546000 1000000
C -544000 544000 1000000
C -542000 542000 1000000
C -540000 540000 1000000
C -538000 538000 1000000
C -536000 536000 1000000
C -534000 534000 1000000
C -532000 532000 1000000
C -530000 530000 1000000
C -528000 528000 1000000
C -526000 526000 1000000
C -524000 524000 1000000
C -522000 522000 1000000
C -520000 520000 1000000
C -518000 518000 1000000
C -516000 516000 1000000
C -514000 514000 1000000
C -512000 512000 1000000
C -510000 510000 1000000
C -508000 508000 1000000
C -506000 506000 1000000
C -504000 504000 1000000
C -502000 502000 1000000
C -500000 500000 1000000
C -498000 498000 1000000
C -496000 496000 1000000
C -494000 494000 1000000
C -492000 492000 1000000
C -490000 490000 1000000
C -488000 488000 1000000
C -486000 486000 1000000
C -484000 484000 1000000
C -482000 482000 1000000
C -480000 480000 1000000
C -478000 478000 1000000
C -476000 476000 1000000
C -474000 474000 1000000
C -472000 472000 1000000
C -470000 470000 1000000
C -468000 468000 1000000
C -466000 466000 1000000
C -464000 464000 1000000
C -462000 462000 1000000
C -460000 460000 1000000
C -458000 458000 1000000
C -456000 456000 1000000
C -454000 454000 1000000
C -452000 452000 1000000
C -450000 450000 1000000
C -448000 448000 1000000
C -446000 446000 1000000
C -444000 444000 1000000
C -442000 442000 1000000
C -440000 440000 1000000
C -438000 438000 1000000
C -436000 436000 1000000
C -434000 434000 1000000
C -432000 432000 1000000
C -430000 430000 1000000
C -428000 428000 1000000
C -426000 426000 1000000
C -424000 424000 1000000
C -422000 422000 1000000
C -420000 420000 1000000
C -418000 418000 1000000
C -416000 416000 1000000
C -414000 414000 1000000
C -412000 412000 1000000
C -410000 410000 1000000
C -408000 408000 1000000
C -406000 406000 1000000
C -404000 404000 1000000
C -402000 402000 1000000
C -400000 400000 1000000
C -398000 398000 1000000
C -396000 396000 1000000
C -394000 394000 1000000
C -392000 392000 1000000
C -390000 390000 1000000
C -388000 388000 1000000
C -386000 386000 1000000
C -384000 384000 1000000
C -382000 382000 1000000
C -380000 380000 1000000
C -378000 378000 1000000
C -376000 376000 1000000
C -374000 374000 1000000
C -372000 372000 1000000
C -370000 370000 1000000
C -368000 368000 1000000
C -366000 366000 1000000
C -364000 364000 1000000
C -362000 362000 1000000
C -360000 360000 1000000
C -358000 358000 1000000
C -356000 356000 1000000
C -354000 354000 1000000
C -352000 352000 1000000
C -350000 350000 1000000
C -348000 348000 1000000
C -346000 346000 1000000
C -344000 344000 1000000
C -342000 342000 1000000
C -340000 340000 1000000
C -338000 338000 1000000
C -336000 336000 1000000
C -334000 334000 1000000
C -332000 332000 1000000
C -330000 330000 1000000
C -328000 328000 1000000
C -326000 326000 1000000
C -324000 324000 1000000
C -322000 322000 1000000
C -320000 320000 1000000
C -318000 318000 1000000
C -316000 316000 1000000
C -314000 314000 1000000
C -312000 312000 1000000
C -310000 310000 1000000
C -308000 308000 1000000
C -306000 306000 1000000
C -304000 304000 1000000
C -302000 302000 1000000
C -300000 300000 1000000
C -298000 298000 1000000
C -296000 296000 1000000
C -294000 294000 1000000
C -292000 292000 1000000
C -290000 290000 1000000
C -288000 288000 1000000
C -286000 286000 1000000
C -284000 284000 1000000
C -282000 282000 1000000
C -280000 280000 1000000
C -278000 278000 1000000
C -276000 276000 1000000
C -274000 274000 1000000
C -272000 272000 1000000
C -270000 270000 1000000
C -268000 268000 1000000
C -266000 266000 1000000
C -264000 264000 1000000
C -262000 262000 1000000
C -260000 260000 1000000
C -258000 258000 1000000
C -256000 256000 1000000
C -254000 254000 1000000
C -252000 252000 1000000
C -250000 250000 1000000
C -248000 248000 1000000
C -246000 246000 1000000
C -244000 244000 1000000
C -242000 242000 1000000
C -240000 240000 1000000
C -238000 238000 1000000
C -236000 236000 1000000
C -234000 234000 1000000
C -232000 232000 1000000
C -230000 230000 1000000
C -228000 228000 1000000
C -226000 226000 1000000
C -224000 224000 1000000
C -222000 222000 1000000
C -220000 220000 1000000
C -218000 218000 1000000
C -216000 216000 1000000
C -214000 214000 1000000
C -212000 212000 1000000
C -210000 210000 1000000
C -208000 208000 1000000
C -206000 206000 1000000
C -204000 204000 1000000
C -202000 202000 1000000
C -200000 200000 1000000
C -198000 198000 1000000
C -196000 196000 1000000
C -194000 194000 1000000
C -192000 192000 1000000
C -190000 190000 1000000
C -188000 188000 1000000
C -186000 186000 1000000
C -184000 184000 1000000
C -182000 182000 1000000
C -180000 180000 1000000
C -178000 178000 1000000
C -176000 176000 1000000
C -174000 174000 1000000
C -172000 172000 1000000
C -170000 170000 1000000
C -168000 168000 1000000
C -166000 166000 1000000
C -164000 164000 1000000
C -162000 162000 1000000
C -160000 160000 1000000
C -158000 158000 1000000
C -156000 156000 1000000
C -154000 154000 1000000
C -152000 152000 1000000
C -150000 150000 1000000
C -148000 148000 1000000
C -146000 146000 1000000
C -144000 144000 1000000
C -142000 142000 1000000
C -140000 140000 1000000
C -138000 138000 1000000
C -136000 136000 1000000
C -134000 134000 1000000
C -132000 132000 1000000
C -130000 130000 1000000
C -128000 128000 1000000
C -126000 126000 1000000
C -124000 124000 1000000
C -122000 122000 1000000
C -120000 120000 1000000
C -118000 118000 1000000
C -116000 116000 1000000
C -114000 114000 1000000
C -112000 112000 1000000
C -110000 110000 1000000
C -108000 108000 1000000
C -106000 106000 1000000
C -104000 104000 1000000
C -102000 102000 1000000
C -100000 100000 1000000
C -98000 98000 1000000
C -96000 96000 1000000
C -94000 94000 1000000
C -92000 92000 1000000
C -90000 90000 1000000
C -88000 88000 1000000
C -86000 86000 1000000
C -84000 84000 1000000
C -82000 82000 1000000
C -80000 80000 1000000
C -78000 78000 1000000
C -76000 76000 1000000
C -74000 74000 1000000
C -72000 72000 1000000
C -70000 70000 1000000
C -68000 68000 1000000
C -66000 66000 1000000
C -64000 64000 1000000
C -62000 62000 1000000
C -60000 60000 1000000
C -58000 58000 1000000
C -56000 56000 1000000
C -54000 54000 1000000
C -52000 52000 1000000
C -50000 50000 1000000
C -48000 48000 1000000
C -46000 46000 1000000
C -44000 44000 1000000
C -42000 42000 1000000
C -40000 40000 1000000
C -38000 38000 1000000
C -36000 36000 1000000
C -34000 34000 1000000
C -32000 32000 1000000
C -30000 30000 1000000
C -28000 28000 1000000
C -26000 26000 1000000
C -24000 24000 1000000
C -22000 22000 1000000
C -20000 20000 1000000
C -18000 18000 1000000
C -16000 16000 1000000
C -14000 14000 1000000
C -12000 12000 1000000
C -10000 10000 1000000
C -8000 8000 1000000
C -6000 6000 1000000
C -4000 4000 1000000
C -2000 2000 1000000
C 0 0 1000000
C 2000 -2000 1000000
C 4000 -4000 1000000
C 6000 -6000 1000000
C 8000 -8000 1000000
C 10000 -10000 1000000
C 12000 -12000 1000000
C 14000 -14000 1000000
C 16000 -16000 1000000
C 18000 -18000 1000000
C 20000 -20000 1000000
C 22000 -22000 1000000
C 24000 -24000 1000000
C 26000 -26000 1000000
C 28000 -28000 1000000
C 30000 -30000 1000000
C 32000 -32000 1000000
C 34000 -34000 1000000
C 36000 -36000 1000000
C 38000 -38000 1000000
C 40000 -40000 1000000
C 42000 -42000 1000000
C 44000 -44000 1000000
C 46000 -46000 1000000
C 48000 -48000 1000000
C 50000 -50000 1000000
C 52000 -52000 1000000
C 54000 -54000 1000000
C 56000 -56000 1000000
C 58000 -58000 1000000
C 60000 -60000 1000000
C 62000 -62000 1000000
C 64000 -64000 1000000
C 66000 -66000 1000000
C 68000 -68000 1000000
C 70000 -70000 1000000
C 72000 -72000 1000000
C 74000 -74000 1000000
C 76000 -76000 1000000
C 78000 -78000 1000000
C 80000 -80000 1000000
C 82000 -82000 1000000
C 84000 -84000 1000000
C 86000 -86000 1000000
C 88000 -88000 1000000
C 90000 -90000 1000000
C 92000 -92000 1000000
C 94000 -94000 1000000
C 96000 -96000 1000000
C 98000 -98000 1000000
C 100000 -100000 1000000
C 102000 -102000 1000000
C 104000 -104000 1000000
C 106000 -106000 1000000
C 108000 -108000 1000000
C 110000 -110000 1000000
C 112000 -112000 1000000
C 114000 -114000 1000000
C 116000 -116000 1000000
C 118000 -118000 1000000
C 120000 -120000 1000000
C 122000 -122000 1000000
C 124000 -124000 1000000
C 126000 -126000 1000000
C 128000 -128000 1000000
C 130000 -130000 1000000
C 132000 -132000 1000000
C 134000 -134000 1000000
C 136000 -136000 1000000
C 138000 -138000 1000000
C 140000 -140000 1000000
C 142000 -142000 1000000
C 144000 -144000 1000000
C 146000 -146000 1000000
C 148000 -148000 1000000
C 150000 -150000 1000000
C 152000 -152000 1000000
C 154000 -154000 1000000
C 156000 -156000 1000000
C 158000 -158000 1000000
C 160000 -160000 1000000
C 162000 -162000 1000000
C 164000 -164000 1000000
C 166000 -166000 1000000
C 168000 -168000 1000000
C 170000 -170000 1000000
C 172000 -172000 1000000
C 174000 -174000 1000000
C 176000 -176000 1000000
C 178000 -178000 1000000
C 180000 -180000 1000000
C 182000 -182000 1000000
C 184000 -184000 1000000
C 186000 -186000 1000000
C 188000 -188000 1000000
C 190000 -190000 1000000
C 192000 -192000 1000000
C 194000 -194000 1000000
C 196000 -196000 1000000
C 198000 -198000 1000000
C 200000 -200000 1000000
C 202000 -202000 1000000
C 204000 -204000 1000000
C 206000 -206000 1000000
C 208000 -208000 1000000
C 210000 -210000 1000000
C 212000 -212000 1000000
C 214000 -214000 1000000
C 216000 -216000 1000000
C 218000 -218000 1000000
C 220000 -220000 1000000
C 222000 -222000 1000000
C 224000 -224000 1000000
C 226000 -226000 1000000
C 228000 -228000 1000000
C 230000 -230000 1000000
C 232000 -232000 1000000
C 234000 -234000 1000000
C 236000 -236000 1000000
C 238000 -238000 1000000
C 240000 -240000 1000000
C 242000 -242000 1000000
C 244000 -244000 1000000
C 246000 -246000 1000000
C 248000 -248000 1000000
C 250000 -250000 1000000
C 252000 -252000 1000000
C 254000 -254000 1000000
C 256000 -256000 1000000
C 258000 -258000 1000000
C 260000 -260000 1000000
C 262000 -262000 1000000
C 264000 -264000 1000000
C 266000 -266000 1000000
C 268000 -268000 1000000
C 270000 -270000 1000000
C 272000 -272000 1000000
C 274000 -274000 1000000
C 276000 -276000 1000000
C 278000 -278000 1000000
C 280000 -280000 1000000
C 282000 -282000 1000000
C 284000 -284000 1000000
C 286000 -286000 1000000
C 288000 -288000 1000000
C 290000 -290000 1000000
C 292000 -292000 1000000
C 294000 -294000 1000000
C 296000 -296000 1000000
C 298000 -298000 1000000
C 300000 -300000 1000000
C 302000 -302000 1000000
C 304000 -304000 1000000
C 306000 -306000 1000000
C 308000 -308000 1000000
C 310000 -310000 1000000
C 312000 -312000 1000000
C 314000 -314000 1000000
C 316000 -316000 1000000
C 318000 -318000 1000000
C 320000 -320000 1000000
C 322000 -322000 1000000
C 324000 -324000 1000000
C 326000 -326000 1000000
C 328000 -328000 1000000
C 330000 -330000 1000000
C 332000 -332000 1000000
C 334000 -334000 1000000
C 336000 -336000 1000000
C 338000 -338000 1000000
C 340000 -340000 1000000
C 342000 -342000 1000000
C 344000 -344000 1000000
C 346000 -346000 1000000
C 348000 -348000 1000000
C 350000 -350000 1000000
C 352000 -352000 1000000
C 354000 -354000 1000000
C 356000 -356000 1000000
C 358000 -358000 1000000
C 360000 -360000 1000000
C 362000 -362000 1000000
C 364000 -364000 1000000
C 366000 -366000 1000000
C 368000 -368000 1000000
C 370000 -370000 1000000
C 372000 -372000 1000000
C 374000 -374000 1000000
C 376000 -376000 1000000
C 378000 -378000 1000000
C 380000 -380000 1000000
C 382000 -382000 1000000
C 384000 -384000 1000000
C 386000 -386000 1000000
C 388000 -388000 1000000
C 390000 -390000 1000000
C 392000 -392000 1000000
C 394000 -394000 1000000
C 396000 -396000 1000000
C 398000 -398000 1000000
C 400000 -400000 1000000
C 402000 -402000 1000000
C 404000 -404000 1000000
C 406000 -406000 1000000
C 408000 -408000 1000000
C 410000 -410000 1000000
C 412000 -412000 1000000
C 414000 -414000 1000000
C 416000 -416000 1000000
C 418000 -418000 1000000
C 420000 -420000 1000000
C 422000 -422000 1000000
C 424000 -424000 1000000
C 426000 -426000 1000000
C 428000 -428000 1000000
C 430000 -430000 1000000
C 432000 -432000 1000000
C 434000 -434000 1000000
C 436000 -436000 1000000
C 438000 -438000 1000000
C 440000 -440000 1000000
C 442000 -442000 1000000
C 444000 -444000 1000000
C 446000 -446000 1000000
C 448000 -448000 1000000
C 450000 -450000 1000000
C 452000 -452000 1000000
C 454000 -454000 1000000
C 456000 -456000 1000000
C 458000 -458000 1000000
C 460000 -460000 1000000
C 462000 -462000 1000000
C 464000 -464000 1000000
C 466000 -466000 1000000
C 468000 -468000 1000000
C 470000 -470000 1000000
C 472000 -472000 1000000
C 474000 -474000 1000000
C 476000 -476000 1000000
C 478000 -478000 1000000
C 480000 -480000 1000000
C 482000 -482000 1000000
C 484000 -484000 1000000
C 486000 -486000 1000000
C 488000 -488000 1000000
C 490000 -490000 1000000
C 492000 -492000 1000000
C 494000 -494000 1000000
C 496000 -496000 1000000
C 498000 -498000 1000000
C 500000 -500000 1000000
C 502000 -502000 1000000
C 504000 -504000 1000000
C 506000 -506000 1000000
C 508000 -508000 1000000
C 510000 -510000 1000000
C 512000 -512000 1000000
C 514000 -514000 1000000
C 516000 -516000 1000000
C 518000 -518000 1000000
C 520000 -520000 1000000
C 522000 -522000 1000000
C 524000 -524000 1000000
C 526000 -526000 1000000
C 528000 -528000 1000000
C 530000 -530000 1000000
C 532000 -532000 1000000
C 534000 -534000 1000000
C 536000 -536000 1000000
C 538000 -538000 1000000
C 540000 -540000 1000000
C 542000 -542000 1000000
C 544000 -544000 1000000
C 546000 -546000 1000000
C 548000 -548000 1000000
C 550000 -550000 1000000
C 552000 -552000 1000000
C 554000 -554000 1000000
C 556000 -556000 1000000
C 558000 -558000 1000000
C 560000 -560000 1000000
C 562000 -562000 1000000
C 564000 -564000 1000000
C 566000 -566000 1000000
C 568000 -568000 1000000
C 570000 -570000 1000000
C 572000 -572000 1000000
C 574000 -574000 1000000
C 576000 -576000 1000000
C 578000 -578000 1000000
C 580000 -580000 1000000
C 582000 -582000 1000000
C 584000 -584000 1000000
C 586000 -586000 1000000
C 588000 -588000 1000000
C 590000 -590000 1000000
C 592000 -592000 1000000
C 594000 -594000 1000000
C 596000 -596000 1000000
C 598000 -598000 1000000
C 600000 -600000 1000000
C 602000 -602000 1000000
C 604000 -604000 1000000
C 606000 -606000 1000000
C 608000 -608000 1000000
C 610000 -610000 1000000
C 612000 -612000 1000000
C 614000 -614000 1000000
C 616000 -616000 1000000
C 618000 -618000 1000000
C 620000 -620000 1000000
C 622000 -622000 1000000
C 624000 -624000 1000000
C 626000 -626000 1000000
C 628000 -628000 1000000
C 630000 -630000 1000000
C 632000 -632000 1000000
C 634000 -634000 1000000
C 636000 -636000 1000000
C 638000 -638000 1000000
C 640000 -640000 1000000
C 642000 -642000 1000000
C 644000 -644000 1000000
C 646000 -646000 1000000
C 648000 -648000 1000000
C 650000 -650000 1000000
C 652000 -652000 1000000
C 654000 -654000 1000000
C 656000 -656000 1000000
C 658000 -658000 1000000
C 660000 -660000 1000000
C 662000 -662000 1000000
C 664000 -664000 1000000
C 666000 -666000 1000000
C 668000 -668000 1000000
C 670000 -670000 1000000
C 672000 -672000 1000000
C 674000 -674000 1000000
C 676000 -676000 1000000
C 678000 -678000 1000000
C 680000 -680000 1000000
C 682000 -682000 1000000
C 684000 -684000 1000000
C 686000 -686000 1000000
C 688000 -688000 1000000
C 690000 -690000 1000000
C 692000 -692000 1000000
C 694000 -694000 1000000
C 696000 -696000 1000000
C 698000 -698000 1000000
C 700000 -700000 1000000
C 702000 -702000 1000000
C 704000 -704000 1000000
C 706000 -706000 1000000
C 708000 -708000 1000000
C 710000 -710000 1000000
C 712000 -712000 1000000
C 714000 -714000 1000000
C 716000 -716000 1000000
C 718000 -718000 1000000
C 720000 -720000 1000000
C 722000 -722000 1000000
C 724000 -724000 1000000
C 726000 -726000 1000000
C 728000 -728000 1000000
C 730000 -730000 1000000
C 732000 -732000 1000000
C 734000 -734000 1000000
C 736000 -736000 1000000
C 738000 -738000 1000000
C 740000 -740000 1000000
C 742000 -742000 1000000
C 744000 -744000 1000000
C 746000 -746000 1000000
C 748000 -748000 1000000
C 750000 -750000 1000000
C 752000 -752000 1000000
C 754000 -754000 1000000
C 756000 -756000 1000000
C 758000 -758000 1000000
C 760000 -760000 1000000
C 762000 -762000 1000000
C 764000 -764000 1000000
C 766000 -766000 1000000
C 768000 -768000 1000000
C 770000 -770000 1000000
C 772000 -772000 1000000
C 774000 -774000 1000000
C 776000 -776000 1000000
C 778000 -778000 1000000
C 780000 -780000 1000000
C 782000 -782000 1000000
C 784000 -784000 1000000
C 786000 -786000 1000000
C 788000 -788000 1000000
C 790000 -790000 1000000
C 792000 -792000 1000000
C 794000 -794000 1000000
C 796000 -796000 1000000
C 798000 -798000 1000000
C 800000 -800000 1000000
C 802000 -802000 1000000
C 804000 -804000 1000000
C 806000 -806000 1000000
C 808000 -808000 1000000
C 810000 -810000 1000000
C 812000 -812000 1000000
C 814000 -814000 1000000
C 816000 -816000 1000000
C 818000 -818000 1000000
C 820000 -820000 1000000
C 822000 -822000 1000000
C 824000 -824000 1000000
C 826000 -826000 1000000
C 828000 -828000 1000000
C 830000 -830000 1000000
C 832000 -832000 1000000
C 834000 -834000 1000000
C 836000 -836000 1000000
C 838000 -838000 1000000
C 840000 -840000 1000000
C 842000 -842000 1000000
C 844000 -844000 1000000
C 846000 -846000 1000000
C 848000 -848000 1000000
C 850000 -850000 1000000
C 852000 -852000 1000000
C 854000 -854000 1000000
C 856000 -856000 1000000
C 858000 -858000 1000000
C 860000 -860000 1000000
C 862000 -862000 1000000
C 864000 -864000 1000000
C 866000 -866000 1000000
C 868000 -868000 1000000
C 870000 -870000 1000000
C 872000 -872000 1000000
C 874000 -874000 1000000
C 876000 -876000 1000000
C 878000 -878000 1000000
C 880000 -880000 1000000
C 882000 -882000 1000000
C 884000 -884000 1000000
C 886000 -886000 1000000
C 888000 -888000 1000000
C 890000 -890000 1000000
C 892000 -892000 1000000
C 894000 -894000 1000000
C 896000 -896000 1000000
C 898000 -898000 1000000
C 900000 -900000 1000000
C 902000 -902000 1000000
C 904000 -904000 1000000
C 906000 -906000 1000000
C 908000 -908000 1000000
C 910000 -910000 1000000
C 912000 -912000 1000000
C 914000 -914000 1000000
C 916000 -916000 1000000
C 918000 -918000 1000000
C 920000 -920000 1000000
C 922000 -922000 1000000
C 924000 -924000 1000000
C 926000 -926000 1000000
C 928000 -928000 1000000
C 930000 -930000 1000000
C 932000 -932000 1000000
C 934000 -934000 1000000
C 936000 -936000 1000000
C 938000 -938000 1000000
C 940000 -940000 1000000
C 942000 -942000 1000000
C 944000 -944000 1000000
C 946000 -946000 1000000
C 948000 -948000 1000000
C 950000 -950000 1000000
C 952000 -952000 1000000
C 954000 -954000 1000000
C 956000 -956000 1000000
C 958000 -958000 1000000
C 960000 -960000 1000000
C 962000 -962000 1000000
C 964000 -964000 1000000
C 966000 -966000 1000000
C 968000 -968000 1000000
C 970000 -970000 1000000
C 972000 -972000 1000000
C 974000 -974000 1000000
C 976000 -976000 1000000
C 978000 -978000 1000000
C 980000 -980000 1000000
C 982000 -982000 1000000
C 984000 -984000 1000000
C 986000 -986000 1000000
C 988000 -988000 1000000
C 990000 -990000 1000000
C 992000 -992000 1000000
C 994000 -994000 1000000
C 996000 -996000 1000000
C 998000 -998000 1000000
C 1000000 -1000000 1000000
